         0  115.0000 -123.5000
         0  116.1500 -123.5000
   50.0000   99.5929 -123.5000
   50.5000  100.5889 -123.5000
   86.6025   57.5000 -123.5000
   87.4686   58.0750 -123.5000
  100.0000    0.0000 -123.5000
  101.0000    0.0000 -123.5000
   86.6025  -57.5000 -123.5000
   87.4686  -58.0750 -123.5000
   50.0000  -99.5929 -123.5000
   50.5000 -100.5889 -123.5000
    0.0000 -115.0000 -123.5000
    0.0000 -116.1500 -123.5000
  -50.0000  -99.5929 -123.5000
  -50.5000 -100.5889 -123.5000
  -86.6025  -57.5000 -123.5000
  -87.4686  -58.0750 -123.5000
 -100.0000   -0.0000 -123.5000
 -101.0000   -0.0000 -123.5000
  -86.6025   57.5000 -123.5000
  -87.4686   58.0750 -123.5000
  -50.0000   99.5929 -123.5000
  -50.5000  100.5889 -123.5000
   25.8819  111.0815  -76.5000
   26.1407  112.1923  -76.5000
   70.7107   81.3173  -76.5000
   71.4178   82.1305  -76.5000
   96.5926   29.7642  -76.5000
   97.5585   30.0618  -76.5000
   96.5926  -29.7642  -76.5000
   97.5585  -30.0618  -76.5000
   70.7107  -81.3173  -76.5000
   71.4178  -82.1305  -76.5000
   25.8819 -111.0815  -76.5000
   26.1407 -112.1923  -76.5000
  -25.8819 -111.0815  -76.5000
  -26.1407 -112.1923  -76.5000
  -70.7107  -81.3173  -76.5000
  -71.4178  -82.1305  -76.5000
  -96.5926  -29.7642  -76.5000
  -97.5585  -30.0618  -76.5000
  -96.5926   29.7642  -76.5000
  -97.5585   30.0618  -76.5000
  -70.7107   81.3173  -76.5000
  -71.4178   82.1305  -76.5000
  -25.8819  111.0815  -76.5000
  -26.1407  112.1923  -76.5000
         0  115.0000   76.5000
         0  116.1500   76.5000
   50.0000   99.5929   76.5000
   50.5000  100.5889   76.5000
   86.6025   57.5000   76.5000
   87.4686   58.0750   76.5000
  100.0000    0.0000   76.5000
  101.0000    0.0000   76.5000
   86.6025  -57.5000   76.5000
   87.4686  -58.0750   76.5000
   50.0000  -99.5929   76.5000
   50.5000 -100.5889   76.5000
    0.0000 -115.0000   76.5000
    0.0000 -116.1500   76.5000
  -50.0000  -99.5929   76.5000
  -50.5000 -100.5889   76.5000
  -86.6025  -57.5000   76.5000
  -87.4686  -58.0750   76.5000
 -100.0000   -0.0000   76.5000
 -101.0000   -0.0000   76.5000
  -86.6025   57.5000   76.5000
  -87.4686   58.0750   76.5000
  -50.0000   99.5929   76.5000
  -50.5000  100.5889   76.5000
   25.8819  111.0815  123.5000
   26.1407  112.1923  123.5000
   70.7107   81.3173  123.5000
   71.4178   82.1305  123.5000
   96.5926   29.7642  123.5000
   97.5585   30.0618  123.5000
   96.5926  -29.7642  123.5000
   97.5585  -30.0618  123.5000
   70.7107  -81.3173  123.5000
   71.4178  -82.1305  123.5000
   25.8819 -111.0815  123.5000
   26.1407 -112.1923  123.5000
  -25.8819 -111.0815  123.5000
  -26.1407 -112.1923  123.5000
  -70.7107  -81.3173  123.5000
  -71.4178  -82.1305  123.5000
  -96.5926  -29.7642  123.5000
  -97.5585  -30.0618  123.5000
  -96.5926   29.7642  123.5000
  -97.5585   30.0618  123.5000
  -70.7107   81.3173  123.5000
  -71.4178   82.1305  123.5000
  -25.8819  111.0815  123.5000
  -26.1407  112.1923  123.5000