   94.3040   57.7020  -40.4450
  123.3710   68.7110  -43.8250
   52.1230   97.5680  -66.6710
   87.9960  191.1000  -86.3450
   -0.7800  116.1450  -36.2740
   -0.7800  150.1670  -41.2850
  -54.1890   93.9290  -67.3970
  -63.4230  110.4120  -74.3600
  -94.7820   58.0610  -36.5050
 -125.0500   69.5240  -40.0250
   89.6700   51.6350   31.2260
  132.1050   59.1780   46.9110
   58.8590  100.9650   -5.2750
   98.0110  168.7720   -4.5560
   -0.7800  111.7760   24.4920
   -0.7800  160.0610   38.8890
  -60.0140  100.9650   -5.2780
 -100.1190  172.7970   -5.7790
  -91.1080   52.4210   27.6130
 -121.3570   59.5500   38.5810
   43.2260   89.5810   51.8020
   63.9360  131.8640   87.4980
   -0.7800   72.0870   76.2510
   -0.7800  162.6440  312.2170
  -43.9710   88.0160   53.3130
  -70.0050  141.1730   98.1890
  -50.4920   37.8640   78.0590
 -165.9190   50.4045  324.4980
   46.6830   22.2090   79.7400
   90.0050   12.5220  184.2120
  -94.8550  -18.7260  -72.6220
 -169.3100  -22.5280  -88.1560
  -97.6900  -14.1460   -6.9700
 -186.3900  -17.2000   -0.3350
  -83.2530   -9.4250   49.0960
 -178.0560  -13.0850  114.0350
  -33.0200  -32.4020   81.2900
  -78.9870  -95.5180  247.8820
   -0.5600   16.5220  100.9640
   -0.5600   26.7180  285.6710
   30.0380  -29.7470   83.0880
   88.8630  -91.0100  295.8550
   79.6210   -5.5230   54.4550
  191.3620   -9.8370  130.9970
   97.7000  -11.1320   -7.2190
  274.9110  -13.7970    4.8970
   94.3740  -15.3610  -75.1890
  136.6010  -17.7720  -83.9990
  -83.7610  -71.1560  -40.2360
 -262.2260 -169.4840  -35.6260
  -70.0930  -64.3940   30.4900
 -185.4510 -164.2160   99.6940
   -0.5600  -81.8830   52.4450
   -6.3520 -147.9790  110.5690
   69.9810  -64.3940   30.4900
   92.8740  -85.7690   45.2260
   84.0660  -70.3820  -39.8700
   99.0060  -78.6130  -39.4840
  -30.6020  -96.8400  -12.4850
  -33.6700 -135.5120  -11.5600
   33.3970  -97.9280  -11.5600
   36.7380 -134.8500  -14.1840

   69.0000  -98.0000  -92.0000
  172.5000 -255.5000  -92.0000
   35.0000 -100.0000 -129.0000
   87.5000 -260.5000 -129.0000
   26.0000  -97.0000  -70.0000
   95.0000 -253.0000  -70.0000
   81.0000  -71.0000 -136.0000
  202.5000 -188.0000 -136.0000
  -69.0000 -100.0000  -92.0000
 -172.5000 -260.5000  -92.0000
  -36.0000 -101.0000 -129.0000
  -90.0000 -263.0000 -129.0000
  -26.0000  -97.0000  -70.0000
  -95.0000 -253.0000  -70.0000
  -80.0000  -70.0000 -137.0000
 -200.0000 -185.5000 -137.0000



69  -105 -201
35  -107 -149
38  -104 -90
81  -78  -156
-69 -107 -199
-36 -108 -149
-38 -104 -90
-80 -77  -157


60       -105    -30
115       -160    -30
-60       -105    -30
-115       -160    -30
0       -120    -10
0       -160    -10
30       -110    -80
50       -160    -80
-30       -110    -80
-50       -160    -80
80       -80    -85
155       -120    -85
-80       -80    -85
-155       -120    -85







-30.4	79.8	-94.5
-42	103.2	-113.1
0	103.5	-37.7
-0.1	133.7	-42.9
30.8	80.5	-90.5
44.6	103.4	-107.5
-77.8	63.4	20.3
-104.4	76.9	24.4