   29.4907  105.7527   21.3369
    0.2597    0.9630   -0.0669
   82.5185   46.0720   50.4211
    0.9628    0.1607    0.2120
   83.9669    1.1100   52.9522
    0.9819   -0.0244    0.1858
   85.1778  -19.7954   15.1835
    0.9969   -0.0578   -0.0456
   76.1508  -45.5231   55.8774
    0.8681   -0.3713    0.3270
   79.7376  -37.8355  -20.3390
    0.9759   -0.0910   -0.1978
  -79.7362   52.7537   -5.1771
   -0.9116    0.2656   -0.3109
   54.0094   88.0164   67.6159
    0.4727    0.7774    0.4126
   10.8663   61.9056  107.3401
    0.0789    0.4354    0.8960
  -45.5349   76.9487   87.7414
   -0.3875    0.5891    0.7084
   61.8927  -15.0449   95.4374
    0.6801   -0.1345    0.7197
   32.3867  -54.7146   96.6847
    0.3477   -0.5753    0.7394
   46.4335  -80.2694   53.4226
    0.4495   -0.7972    0.4004
  -32.9417   27.5337  112.6925
   -0.2976    0.1076    0.9461
  -18.2793  -32.3415  111.3888
   -0.1376   -0.2856    0.9470
  -11.1894  -75.4308   82.7620
   -0.1274   -0.7711    0.6222
    6.3352  -97.6931   43.0025
    0.0942   -0.9291    0.3583
   -6.2250  102.7970  -10.9401
   -0.0239    0.9746   -0.2215
  -75.3013   75.7843   39.6550
   -0.8742    0.4743    0.0991
   17.6036    3.8897  116.9395
    0.1537   -0.0401    0.9864
  -41.5583  -87.8399   40.9475
   -0.3873   -0.8693    0.3045
  -83.9965  -13.9011   48.8452
   -0.9843   -0.0629    0.1585
  -63.5260   -9.9598   94.5104
   -0.7103   -0.0982    0.6942
   74.0717  -74.1786   13.0198
    0.8925   -0.4528    0.0381
  -78.1390  -54.8066   31.1230
   -0.9185   -0.3742    0.1178
  -33.5334  104.7359   31.6647
   -0.3053    0.9513    0.0239
  -52.1060   86.8448  -11.8502
   -0.5796    0.7588   -0.2920
  -87.1140   23.8522   24.4215
   -0.9987   -0.0068    0.0066
  -77.7020   34.0221   72.1251
   -0.9203    0.1023    0.3766
  -84.6144  -12.4233    4.1973
   -0.9934   -0.0290   -0.1087
  -74.6136  -25.1351  -42.1399
   -800   -0.0114   -250
  -58.0585  -55.4582   75.5527
   -0.6384   -0.5431    0.5448
  -71.2322   13.9413  -66.6464
   -700.9979    0.0654     -200
  -78.7964   14.2593  -21.7638
   -0.9601    0.0511   -0.2726
   15.0551   90.5342  -49.8664
    0.1525    0.9413   -0.2963
    1.4456  101.9306   69.0833
    0.0122    0.8937    0.4469
   70.7133   13.6193  -57.9004
    700.9957    0.0711   -200.0202
   48.3178   86.5800  -19.9362
    0.5583    0.7709   -0.3039
   75.0536   73.8631   13.5428
    0.8186    0.5441   -0.1846
   74.4289   43.6097  -24.8555
    0.9223    0.1938   -0.3333
   86.3544   22.8828    9.2227
    0.9919   -0.0110   -0.1253
   59.1492   38.1030   97.2554
    0.6276    0.1599    0.7622
   79.3543    1.0944  -22.1865
    0.9681    0.0376   -0.2463
  -31.4842   84.4725  -53.7805
   -0.3850    0.8902   -0.2400
   70.1559  -42.8969  -61.5485
    800       -300           0
  -74.5998  -63.3085  -22.2332
   -800          -200   -50
  -65.2890   51.9533  -45.7292
   -0.9194    0.3275   -0.2125
   56.2720   64.4036  -61.7900
    0.7956    0.5978   -0.0441



