    0.4590   97.3720  -77.7280
    0.2350  204.7000 -126.8790
  -69.8950   77.1650  -66.7490
 -160.7260  166.3110 -111.0120
  -40.4280  101.4620  -54.0290
  -68.7730  167.9560  -81.9000
    0.4590  116.8150  -32.9550
   -8.9910  452.3200 -138.6840
   41.3450  101.4620  -54.0290
  111.2010  249.9900 -109.1770
   74.9330   72.7810  -67.1250
  104.4290  102.7940  -75.3690
  -93.6950   37.5070  -43.7180
 -423.4100   41.5600 -108.9840
  -82.2690   81.8020  -22.0100
 -135.1420  121.7340  -32.6030
  -45.6340  115.0430   -5.3010
 -111.5590  286.9280  -19.0270
   45.0230  111.2230  -12.5100
   55.3340  133.9380  -14.1680
    0.4590  120.3750    9.6230
    1.3050  145.2950   11.4300
   79.5600   87.0610  -16.4000
  108.3880  112.4270  -20.3870
   95.0650   49.4360  -41.8700
  105.4100   51.8360  -44.4470
  -98.6160    9.3140  -16.0660
 -221.6620   10.8180  -15.1920
  -96.9910   52.0110   10.2120
 -309.4630   67.4740   22.8150
  -76.7000   91.8080   13.5260
 -234.2280  247.6910   11.0600
  -43.6200  109.0750   37.3350
  -70.3180  180.7950   51.9740
    0.4590  110.8440   54.4510
   -7.9710  337.2910  151.0950
   44.5370  109.0750   37.3350
  112.0710  317.6300  105.6280
   80.2740   89.2090   15.5000
  227.7570  231.5910    9.4360
   97.7600   54.4100    8.3760
  358.0950   87.5920   37.1020
   99.4470   13.5520  -11.2520
  327.4580   12.6990   -6.0370
   94.6120   13.5070  -57.7180
  307.8760   16.5910  -99.4680
  -95.4210   12.8990   32.1070
 -261.0240   12.3830   56.9660
  -94.3780   53.6240   48.6510
 -101.7390   55.3090   51.9220
  -66.8770   82.2620   64.1460
 -160.9240  163.1130  139.4880
  -40.8830   85.7360   79.3350
  -78.7530  172.1870  167.8840
   -3.8750   80.8710   91.0840
   -7.0340  138.0530  169.4820
   36.4220   92.7230   74.2010
   81.9230  252.4590  213.5380
   67.7530   82.3170   64.1250
  163.6100  200.0390  131.1000
   91.2490   45.6030   50.5370
  172.7930   54.2950   85.6060
   96.3380   12.8990   32.1070
  312.9600   12.6580   75.5150
  -79.4320   12.1600   73.4540
 -179.4410   11.5860  151.9560
  -66.8960   52.3230   84.4780
 -166.6700   83.3340  221.7270
  -19.7620   51.4160  103.5910
  -59.7730   99.7900  319.5480
   20.7450   56.9270  102.0400
   35.1080   86.5410  181.9450
   61.5910   55.8450   87.8940
  140.5280   92.0030  187.0070
   80.3490   12.1600   73.4540
  159.1980   11.7080  135.3460
  -45.4710   13.3760  100.5350
 -133.7870   17.7260  326.0570
   44.3140    8.9260  101.4330
   87.3900   11.0510  211.7010
  -95.9230  -29.4850  -36.6860
 -166.1290  -33.8890  -41.2880
  -95.6860  -26.3250    5.8190
 -159.5010  -41.9620   11.8850
  -88.3920  -25.5370   48.3320
 -144.1200  -37.6650   65.3010
  -59.5130  -21.7340   89.0610
 -103.5480  -38.1180  146.8090
  -19.5240  -23.1880  103.5300
  -34.8530  -40.5290  182.1480
   19.5240  -23.1880  103.5300
   39.9580  -46.3050  208.3310
   65.4710  -25.9690   83.3170
  106.5840  -41.2660  137.2340
   86.8960  -25.9940   52.3380
  126.9150  -39.9570   64.7100
   95.6860  -26.3250    5.8190
  135.7760  -37.2590    9.6420
   96.3690  -26.8890  -36.1070
  132.1400  -34.4570  -42.2620
  -82.0350  -72.3740  -26.0600
  -89.3540  -77.4830  -26.0800
  -80.9780  -69.6210   16.2490
  -87.0930  -72.5150   17.4440
  -66.9790  -67.4970   53.6290
  -77.6830  -75.9630   60.7020
  -66.9790  -67.4970   53.6290
  -73.4160  -72.5880   57.8820
  -36.9640  -67.8230   75.0880
  -38.1950  -70.3430   78.1610
         0  -56.2020   89.4760
    0.0870  -57.5770   91.4530
   44.6950  -61.2200   77.3450
   47.7290  -67.2500   84.8030
   71.3640  -64.7860   50.2380
   86.2760  -77.2810   59.5300
   80.9780  -69.6210   16.2490
   94.3720  -76.4800   18.7750
         0  -82.2520   64.2090
   -0.5900 -104.7990   76.7640
  -28.8980  -96.7190   11.5080
  -28.8980 -175.1350   11.5080
   29.1240  -96.4870   13.1360
   29.1240 -136.0170   13.1360
    0.4590   10.6520  110.0080
   -0.1980   10.9980  121.9720
   79.2780  -76.0920  -27.3620
   93.6400  -86.6480  -27.6220
