42.87 101.10 13.51 
43.22 102.03 13.59 
71.09 82.17 15.73 
71.88 82.77 15.82 
81.28 48.20 -28.82 
82.21 48.41 -29.12 
24.62 -50.13 77.65 
24.84 -50.64 78.49 
78.61 54.74 33.98 
79.54 54.97 34.25 
86.27 0.17 -0.30 
87.27 0.13 -0.31 
-85.36 41.85 13.59 
-86.34 41.96 13.72 
84.78 -22.62 -14.08 
85.78 -22.68 -14.14 
80.75 -49.59 -3.53 
81.71 -49.88 -3.50 
-39.58 -28.76 81.72 
-39.97 -29.02 82.60 
71.24 49.46 -54.17 
72.14 49.71 -54.52 
45.24 -92.38 -7.62 
45.68 -93.26 -7.45 
-75.91 2.12 -106.65 
-76.84 2.11 -106.29 
55.71 84.77 46.27 
56.21 85.50 46.73 
80.74 -45.70 -30.49 
81.72 -45.89 -30.59 
85.12 49.89 2.39 
86.10 50.07 2.44 
78.65 25.24 46.40 
79.58 25.29 46.76 
86.07 23.81 15.45 
87.06 23.82 15.57 
83.35 -1.97 30.60 
84.32 -2.01 30.81 
64.98 -75.49 8.02 
65.69 -76.17 8.25 
75.28 -29.38 46.04 
76.15 -29.63 46.46 
75.60 -50.64 25.45 
76.46 -51.04 25.74 
55.38 -69.57 36.33 
55.96 -70.25 36.78 
-56.42 -46.74 60.12 
-57.05 -47.23 60.73 
15.37 -100.97 3.96 
15.60 -101.89 4.27 
25.03 104.55 -19.93 
25.23 105.52 -20.11 
11.06 109.57 9.31 
11.17 110.56 9.29 
28.52 74.56 71.56 
28.75 75.12 72.35 
31.55 42.00 85.59 
31.82 42.24 86.52 
59.61 23.67 73.88 
60.24 23.74 74.65 
-72.77 -61.55 16.33 
-73.60 -62.04 16.58 
69.89 -4.62 62.53 
70.69 -4.68 63.11 
-2.03 53.99 86.00 
-2.05 54.35 86.94 
-76.18 72.65 19.16 
-77.08 73.07 19.31 
54.72 -49.29 59.78 
55.32 -49.80 60.39 
29.81 -73.59 52.98 
30.15 -74.35 53.53 
36.22 -88.06 21.54 
36.57 -88.93 21.88 
7.75 -90.04 35.19 
7.86 -90.93 35.63 
-23.19 99.14 -43.55 
-23.41 100.07 -43.82 
23.94 98.86 44.40 
24.15 99.74 44.82 
-39.00 92.41 47.87 
-39.32 93.23 48.33 
5.22 18.36 93.05 
5.26 18.41 94.05 
36.37 5.04 87.25 
36.70 5.01 88.19 
-50.92 4.38 80.40 
-51.43 4.35 81.26 
13.67 -19.27 90.07 
13.78 -19.44 91.04 
-80.38 -51.08 -11.69 
-81.34 -51.36 -11.69 
48.44 -24.24 78.38 
48.94 -24.46 79.22 
-80.78 -40.22 -37.77 
-81.77 -40.34 -37.91 
-23.39 -83.76 40.74 
-23.65 -84.60 41.20 
84.40 -24.63 13.51 
85.39 -24.73 13.60 
-9.03 104.44 37.64 
-9.13 105.36 38.01 
-6.13 84.61 67.25 
-6.18 85.29 67.99 
-64.59 71.24 52.55 
-65.30 71.71 53.07 
-35.80 64.92 75.16 
-36.12 65.37 75.99 
-58.74 37.96 72.54 
-59.36 38.13 73.31 
-75.35 11.39 54.45 
-76.24 11.39 54.90 
-75.83 -40.61 36.38 
-76.69 -40.95 36.74 
-68.76 -17.76 61.66 
-69.56 -17.93 62.23 
-8.87 -42.93 83.46 
-8.93 -43.33 84.37 
-53.12 -69.55 39.16 
-53.66 -70.25 39.63 
-45.11 -86.13 16.13 
-45.53 -86.99 16.44 
-14.02 -97.97 13.84 
-14.22 -98.89 14.17 
-54.15 95.87 16.41 
-54.61 96.76 16.50 
60.88 56.25 65.08 
61.51 56.54 65.79 
-83.86 54.30 -11.52 
-84.82 54.55 -11.63 
-78.04 40.84 43.70 
-78.97 40.98 44.05 
-29.99 -62.70 65.74 
-30.33 -63.36 66.41 
-86.09 -4.68 0.19 
-87.09 -4.72 0.19 
-82.87 -12.24 30.71 
-83.85 -12.30 30.92 
-84.01 -31.73 7.67 
-85.00 -31.87 7.74 
-68.16 81.97 -12.85 
-68.87 82.64 -13.08 
52.68 73.74 -67.17 
53.36 74.42 -67.43 
-24.56 107.24 8.03 
-24.79 108.21 8.06 
-74.56 60.38 -36.65 
-75.42 60.76 -36.99 
-65.79 44.98 -82.84 
-66.75 45.26 -82.88 
-86.95 21.22 -7.81 
-87.95 21.20 -7.87 
-84.26 3.43 -25.90 
-85.24 3.41 -26.07 
0.26 -71.52 63.30 
0.26 -72.25 63.99 
-28.30 29.72 88.80 
-28.55 29.85 89.76 
-80.92 -13.04 -42.94 
-81.90 -13.02 -43.16 
-84.43 -22.27 -19.00 
-85.43 -22.33 -19.09 
-73.53 -68.10 -34.77 
-74.44 -68.52 -34.82 
-65.32 -78.35 -5.30 
-66.03 -79.04 -5.18 
70.33 -29.23 -86.25 
71.32 -29.31 -86.32 
-41.46 99.29 -18.09 
-41.87 100.17 -18.28 
-53.83 83.88 -40.99 
-54.44 84.61 -41.29 
-62.80 64.38 -60.27 
-63.61 64.87 -60.57 
-71.19 18.88 -73.50 
-72.17 18.98 -73.66 
-82.76 31.48 -31.36 
-83.72 31.54 -31.64 
-78.54 12.77 -48.05 
-79.50 12.83 -48.32 
-74.78 -4.12 -65.20 
-75.75 -4.08 -65.44 
-66.65 -52.25 -92.47 
-67.62 -52.50 -92.48 
-75.94 -31.59 -61.54 
-76.90 -31.64 -61.80 
-71.30 -60.30 -62.82 
-72.22 -60.56 -63.08 
-85.13 14.10 21.90 
-86.12 14.09 22.05 
-54.30 -90.12 -29.37 
-54.89 -90.93 -29.30 
-7.00 93.11 -69.87 
-7.05 94.06 -70.18 
-37.00 86.21 -65.03 
-37.46 87.05 -65.32 
-50.38 71.04 -86.78 
-51.06 71.76 -86.85 
66.30 -58.50 -82.07 
67.24 -58.78 -82.27 
-34.46 -97.78 -8.77 
-34.86 -98.67 -8.55 
-6.56 -109.52 -17.59 
-6.69 -110.46 -17.29 
8.62 85.07 -98.66 
8.67 86.05 -98.84 
-23.13 83.38 -97.41 
-23.34 84.34 -97.56 
-73.61 37.56 -54.91 
-74.54 37.72 -55.24 
52.26 -92.20 -37.27 
52.84 -93.01 -37.23 
9.23 100.15 -46.39 
9.28 101.11 -46.65 
25.06 89.39 -70.96 
25.36 90.29 -71.25 
53.03 92.97 -17.03 
53.57 93.78 -17.26 
-18.03 -5.86 91.22 
-18.18 -5.95 92.20 
71.82 2.84 -77.61 
72.81 2.88 -77.73 
63.72 50.87 -81.50 
64.65 51.23 -81.58 
73.07 26.64 -103.70 
74.01 26.79 -103.38 
72.18 25.73 -65.38 
73.14 25.86 -65.62 
63.75 73.68 -41.86 
64.47 74.29 -42.18 
-70.81 -22.31 -86.14 
-71.81 -22.37 -86.19 
-6.99 106.06 -19.88 
-7.01 107.04 -20.06 
39.70 92.08 -45.60 
40.16 92.91 -45.90 
74.98 72.69 -14.75 
75.80 73.23 -14.96 
42.03 76.45 -98.12 
42.51 77.33 -98.13 
80.21 24.90 -40.57 
81.16 24.97 -40.87 
78.24 4.37 -50.66 
79.20 4.42 -50.92 
75.96 -16.21 -62.43 
76.92 -16.20 -62.68 
81.81 -19.75 -38.78 
82.79 -19.76 -38.97 
76.34 -41.71 -57.63 
77.30 -41.81 -57.89 
70.49 -73.53 -20.14 
71.32 -74.09 -20.11 
71.69 -68.81 -48.79 
72.59 -69.22 -48.94 
